2
29
19
5
4
7
15
75
16
115
216
101
9
4
4
37
173
31
654
130
136
81
295
75
185
11
155
10
47
29
10
40
16
25
20
47
67
115
19
16
19
23
39
19
50
5
3
148
77
45
253
49
282
44
60
94
46
20
11
6
142
29
130
86
53
32
54
57
94
82
94
199
114
55
85
373
64
64
3
117
66
425
8
11
7
12
48
16
290
131
12
20
34
15
26
18
20
22
24
45
9
15
14
19
164
115
68
154
52
103
151
157
38
9
21
116
78
37
342
422
303
93
57
27
339
17
16
28
246
48
77
16
5
40
198
59
366
62
145
57
61
150
44
31
34
37
120
243
146
12
5
267
3
12
9
12
55
25
15
12
11
57
5
155
95
15
6
7
6
43
3
47
69
41
5
52
21
7
17
12
32
88
30
35
11
7
24
45
27
72
70
94
5
11
15
159
102
351
532
138
52
20
15
17
35
32
8
4
97
48
18
32
18
76
18
43
204
16
6
364
25
31
34
7
38
90
21
37
53
45
35
35
14
51
52
9
10
